#!ascii label  , from subject fsaverage vox2ras=TkReg coords=white
154
2052  -52.460  -21.240  51.918 0.0000000000
2053  -54.141  -23.133  48.030 0.0000000000
4505  -51.648  -18.647  53.271 0.0000000000
4507  -54.683  -19.915  49.708 0.0000000000
4508  -55.367  -20.744  47.749 0.0000000000
4509  -54.087  -23.428  45.851 0.0000000000
8727  -53.394  -19.051  51.561 0.0000000000
8728  -53.598  -22.337  49.971 0.0000000000
12183  -49.607  -18.041  54.131 0.0000000000
12185  -50.530  -17.963  53.291 0.0000000000
17715  -48.169  -19.170  56.607 0.0000000000
17716  -48.595  -18.680  55.805 0.0000000000
19270  -52.135  -22.694  50.747 0.0000000000
19272  -52.480  -18.020  51.706 0.0000000000
19273  -53.413  -18.224  50.935 0.0000000000
19274  -54.629  -21.498  49.072 0.0000000000
19275  -54.301  -21.015  50.038 0.0000000000
19276  -53.971  -22.763  49.015 0.0000000000
26539  -52.311  -19.819  52.772 0.0000000000
26541  -54.122  -18.620  50.107 0.0000000000
26542  -54.771  -18.986  49.150 0.0000000000
26543  -55.143  -20.256  48.731 0.0000000000
26544  -54.849  -21.906  48.048 0.0000000000
26545  -54.137  -23.429  47.041 0.0000000000
26546  -54.945  -22.215  47.019 0.0000000000
34534  -49.063  -18.319  54.930 0.0000000000
36429  -51.547  -17.902  52.458 0.0000000000
36430  -52.569  -18.760  52.364 0.0000000000
36431  -53.096  -20.214  51.903 0.0000000000
36432  -54.097  -19.410  50.691 0.0000000000
36433  -53.746  -20.584  50.985 0.0000000000
36434  -53.068  -21.731  50.988 0.0000000000
36441  -52.930  -24.275  45.451 0.0000000000
36442  -51.562  -24.836  43.749 0.0000000000
42903  -49.372  -17.911  53.547 0.0000000000
42904  -50.039  -17.987  53.709 0.0000000000
42905  -49.873  -17.837  53.146 0.0000000000
48434  -47.947  -19.477  57.024 0.0000000000
48435  -47.612  -19.088  56.391 0.0000000000
48436  -47.819  -18.841  55.979 0.0000000000
49986  -52.143  -21.090  52.350 0.0000000000
49988  -52.073  -21.774  51.801 0.0000000000
49989  -51.911  -22.478  51.208 0.0000000000
49990  -52.342  -22.014  51.337 0.0000000000
49992  -52.771  -17.872  50.892 0.0000000000
49994  -54.481  -22.324  48.623 0.0000000000
49995  -54.368  -22.138  49.119 0.0000000000
49996  -54.093  -22.959  48.522 0.0000000000
49997  -53.574  -23.457  48.312 0.0000000000
49998  -53.669  -23.645  47.779 0.0000000000
50000  -53.636  -23.783  47.276 0.0000000000
59586  -51.178  -18.644  53.712 0.0000000000
59588  -51.602  -19.151  53.534 0.0000000000
59589  -51.918  -19.766  53.235 0.0000000000
59590  -52.048  -19.192  53.072 0.0000000000
59594  -55.386  -19.999  48.003 0.0000000000
59595  -55.235  -19.831  48.513 0.0000000000
59596  -55.240  -20.568  48.265 0.0000000000
59597  -55.046  -21.137  48.389 0.0000000000
59598  -55.142  -21.352  47.946 0.0000000000
59599  -54.952  -22.092  47.586 0.0000000000
59600  -55.223  -21.479  47.483 0.0000000000
76183  -48.259  -18.433  55.126 0.0000000000
76184  -48.832  -18.454  55.324 0.0000000000
76185  -48.515  -18.263  54.718 0.0000000000
76186  -48.805  -18.090  54.371 0.0000000000
80847  -50.868  -17.749  52.357 0.0000000000
80848  -51.318  -17.736  51.964 0.0000000000
80849  -53.001  -18.443  51.694 0.0000000000
80850  -52.568  -18.314  52.085 0.0000000000
80851  -53.019  -18.914  51.968 0.0000000000
80852  -52.928  -19.435  52.187 0.0000000000
80853  -53.284  -19.600  51.766 0.0000000000
80854  -54.482  -19.170  49.962 0.0000000000
80855  -54.142  -18.924  50.436 0.0000000000
80856  -54.418  -19.606  50.206 0.0000000000
80857  -53.993  -21.663  50.082 0.0000000000
80858  -54.035  -20.820  50.512 0.0000000000
80859  -53.746  -21.472  50.527 0.0000000000
80860  -53.475  -21.220  51.025 0.0000000000
80861  -53.349  -22.040  50.475 0.0000000000
80862  -52.903  -22.533  50.389 0.0000000000
80876  -54.071  -23.457  46.399 0.0000000000
80877  -53.566  -23.919  46.267 0.0000000000
80878  -53.476  -23.929  45.650 0.0000000000
80880  -52.187  -24.576  44.092 0.0000000000
80881  -51.469  -24.825  43.191 0.0000000000
80882  -50.914  -25.098  42.910 0.0000000000
95655  -49.842  -18.342  54.624 0.0000000000
95657  -50.238  -18.251  54.215 0.0000000000
95658  -50.631  -18.240  53.779 0.0000000000
95659  -51.121  -18.178  53.336 0.0000000000
105612  -48.401  -19.676  57.097 0.0000000000
105613  -48.632  -19.361  56.691 0.0000000000
105614  -48.819  -19.061  56.318 0.0000000000
105615  -48.340  -18.904  56.208 0.0000000000
105616  -48.068  -18.595  55.593 0.0000000000
108414  -51.827  -17.745  51.640 0.0000000000
108415  -52.355  -17.805  51.276 0.0000000000
108416  -52.968  -18.088  51.360 0.0000000000
108417  -53.459  -18.538  51.322 0.0000000000
108418  -54.737  -20.694  49.409 0.0000000000
108419  -54.547  -20.390  49.932 0.0000000000
108420  -54.496  -21.259  49.579 0.0000000000
108421  -54.236  -21.936  49.626 0.0000000000
108422  -53.825  -22.543  49.506 0.0000000000
108423  -53.335  -23.047  49.356 0.0000000000
108424  -53.508  -23.276  48.883 0.0000000000
123360  -52.101  -20.377  52.845 0.0000000000
123361  -52.445  -20.510  52.382 0.0000000000
123365  -54.453  -18.782  49.640 0.0000000000
123366  -54.760  -19.411  49.480 0.0000000000
123367  -55.061  -19.153  48.715 0.0000000000
123368  -55.045  -19.598  48.990 0.0000000000
123369  -54.919  -20.124  49.241 0.0000000000
123370  -54.944  -20.921  48.896 0.0000000000
123371  -54.834  -21.666  48.592 0.0000000000
123372  -54.562  -22.525  48.156 0.0000000000
123373  -54.169  -23.242  47.562 0.0000000000
123374  -54.564  -22.715  47.612 0.0000000000
123375  -54.609  -22.810  47.042 0.0000000000
123376  -54.603  -22.853  46.495 0.0000000000
144630  -49.063  -18.845  55.897 0.0000000000
144631  -49.309  -18.625  55.438 0.0000000000
144632  -49.549  -18.445  55.037 0.0000000000
144633  -49.310  -18.149  54.542 0.0000000000
144634  -49.030  -18.026  53.934 0.0000000000
150255  -50.341  -17.765  52.751 0.0000000000
150256  -51.039  -17.895  52.903 0.0000000000
150257  -51.602  -18.212  52.913 0.0000000000
150258  -52.064  -17.950  52.076 0.0000000000
150259  -52.112  -18.249  52.450 0.0000000000
150260  -52.103  -18.680  52.812 0.0000000000
150261  -52.492  -19.292  52.614 0.0000000000
150262  -52.720  -19.958  52.336 0.0000000000
150263  -52.813  -20.715  51.937 0.0000000000
150264  -53.700  -18.362  50.564 0.0000000000
150265  -53.813  -18.752  50.874 0.0000000000
150266  -53.796  -19.179  51.150 0.0000000000
150267  -54.253  -20.164  50.416 0.0000000000
150268  -53.958  -19.989  50.878 0.0000000000
150269  -53.648  -19.795  51.333 0.0000000000
150270  -53.432  -20.351  51.467 0.0000000000
150271  -53.139  -20.959  51.510 0.0000000000
150272  -52.780  -21.464  51.443 0.0000000000
150273  -52.644  -22.297  50.807 0.0000000000
150274  -52.374  -22.991  50.209 0.0000000000
150291  -53.641  -23.853  46.799 0.0000000000
150292  -53.001  -24.277  46.026 0.0000000000
150293  -52.284  -24.556  45.074 0.0000000000
150294  -52.833  -24.287  44.870 0.0000000000
150295  -52.260  -24.563  44.627 0.0000000000
150296  -51.637  -24.789  44.275 0.0000000000
150297  -50.980  -25.030  43.435 0.0000000000
