#!ascii label  , from subject fsaverage vox2ras=TkReg coords=white
374
15  -47.216  -27.797  52.857 0.0000000000
230  -43.539  -31.655  58.339 0.0000000000
374  -39.669  -28.861  61.102 0.0000000000
710  -45.936  -29.771  55.802 0.0000000000
863  -42.605  -25.475  60.320 0.0000000000
1813  -48.271  -24.181  57.694 0.0000000000
1831  -42.640  -28.924  62.732 0.0000000000
1832  -45.695  -26.444  60.311 0.0000000000
2620  -46.095  -29.136  50.379 0.0000000000
2630  -46.757  -28.864  54.408 0.0000000000
2632  -45.585  -30.041  51.510 0.0000000000
4024  -41.171  -28.183  62.965 0.0000000000
4025  -44.226  -23.749  59.818 0.0000000000
4026  -44.346  -25.267  61.388 0.0000000000
4028  -47.077  -25.249  59.060 0.0000000000
5884  -44.881  -30.798  56.972 0.0000000000
6158  -39.610  -28.709  58.020 0.0000000000
6159  -41.107  -27.181  60.586 0.0000000000
6160  -41.376  -27.027  57.779 0.0000000000
6161  -43.006  -25.262  57.437 0.0000000000
8071  -48.159  -26.190  55.415 0.0000000000
8121  -43.294  -30.272  60.647 0.0000000000
8122  -42.701  -26.682  62.261 0.0000000000
8123  -44.144  -27.656  61.526 0.0000000000
8124  -44.697  -29.209  59.322 0.0000000000
8125  -46.010  -28.169  58.070 0.0000000000
8126  -47.201  -27.092  56.791 0.0000000000
10300  -46.692  -28.497  51.661 0.0000000000
10310  -47.034  -28.353  53.687 0.0000000000
10311  -46.296  -29.532  52.925 0.0000000000
10312  -46.451  -29.093  52.181 0.0000000000
10313  -45.880  -29.512  50.964 0.0000000000
11704  -40.407  -28.321  62.254 0.0000000000
11706  -45.112  -23.585  60.421 0.0000000000
13645  -45.454  -30.307  56.443 0.0000000000
14103  -40.492  -27.861  57.925 0.0000000000
17710  -48.277  -25.184  56.576 0.0000000000
17829  -43.071  -29.548  61.813 0.0000000000
17830  -41.851  -26.304  60.548 0.0000000000
17831  -41.900  -26.701  61.735 0.0000000000
17832  -42.649  -25.924  61.479 0.0000000000
17833  -45.152  -25.731  61.151 0.0000000000
17834  -44.315  -26.433  61.694 0.0000000000
17835  -44.953  -27.138  60.892 0.0000000000
17836  -44.504  -28.443  60.454 0.0000000000
17837  -45.251  -27.890  59.868 0.0000000000
17838  -45.386  -28.738  58.638 0.0000000000
17839  -45.967  -27.305  59.256 0.0000000000
17840  -47.716  -24.695  58.368 0.0000000000
17841  -47.224  -26.105  58.052 0.0000000000
17842  -47.810  -25.636  57.268 0.0000000000
17843  -47.718  -26.669  56.083 0.0000000000
23164  -46.384  -29.316  55.136 0.0000000000
23166  -46.072  -30.056  53.734 0.0000000000
23167  -45.426  -30.578  52.312 0.0000000000
25603  -47.949  -23.121  58.713 0.0000000000
25674  -41.915  -28.400  63.173 0.0000000000
25675  -43.468  -24.610  60.074 0.0000000000
25676  -43.467  -25.122  61.167 0.0000000000
25677  -44.270  -24.328  60.770 0.0000000000
25678  -45.185  -24.538  60.959 0.0000000000
25679  -45.929  -25.059  60.573 0.0000000000
25680  -46.421  -25.831  59.709 0.0000000000
25681  -46.654  -24.394  59.970 0.0000000000
25682  -47.318  -23.789  59.319 0.0000000000
29086  -44.259  -31.236  57.697 0.0000000000
29726  -39.696  -28.761  59.616 0.0000000000
29727  -40.439  -28.076  60.777 0.0000000000
29728  -40.434  -27.885  59.369 0.0000000000
29729  -41.198  -27.026  59.280 0.0000000000
29730  -41.967  -26.191  59.126 0.0000000000
29732  -42.197  -26.150  57.606 0.0000000000
29733  -42.796  -25.274  58.993 0.0000000000
29734  -43.572  -24.372  58.777 0.0000000000
34525  -47.853  -27.076  54.204 0.0000000000
34671  -43.382  -31.004  59.408 0.0000000000
34672  -41.172  -27.526  61.933 0.0000000000
34673  -41.919  -27.362  62.632 0.0000000000
34674  -42.681  -27.720  62.657 0.0000000000
34675  -43.507  -25.986  61.940 0.0000000000
34676  -43.513  -27.052  62.216 0.0000000000
34677  -43.373  -28.277  62.064 0.0000000000
34678  -43.745  -28.960  61.055 0.0000000000
34679  -43.968  -29.765  59.932 0.0000000000
34680  -44.150  -30.598  58.748 0.0000000000
34681  -44.799  -30.040  58.121 0.0000000000
34682  -45.414  -29.545  57.485 0.0000000000
34683  -46.023  -28.988  56.879 0.0000000000
34684  -46.586  -26.732  58.604 0.0000000000
34685  -46.617  -27.595  57.389 0.0000000000
34686  -46.542  -28.497  56.257 0.0000000000
34687  -47.080  -28.051  55.627 0.0000000000
34688  -47.463  -27.617  54.880 0.0000000000
41020  -46.928  -28.144  52.240 0.0000000000
41021  -47.012  -27.923  51.845 0.0000000000
41022  -47.338  -27.573  52.485 0.0000000000
41030  -47.127  -28.083  53.285 0.0000000000
41031  -46.737  -28.731  52.892 0.0000000000
41032  -46.789  -28.472  52.514 0.0000000000
41033  -46.546  -28.774  51.911 0.0000000000
41965  -43.137  -31.852  58.659 0.0000000000
42422  -39.617  -28.896  61.857 0.0000000000
42423  -39.971  -28.666  62.396 0.0000000000
42424  -40.037  -28.559  61.702 0.0000000000
44365  -45.699  -30.021  56.113 0.0000000000
48430  -48.294  -24.724  57.116 0.0000000000
48431  -48.514  -24.368  56.915 0.0000000000
48432  -48.491  -23.805  57.491 0.0000000000
48545  -42.225  -29.227  63.110 0.0000000000
48547  -42.520  -29.539  62.670 0.0000000000
48548  -42.686  -29.803  62.226 0.0000000000
48549  -42.882  -29.226  62.358 0.0000000000
48550  -42.212  -25.849  60.449 0.0000000000
48551  -42.216  -26.032  61.079 0.0000000000
48552  -42.583  -25.620  60.958 0.0000000000
48553  -45.456  -26.072  60.764 0.0000000000
48554  -45.083  -26.370  61.060 0.0000000000
48555  -45.340  -26.724  60.619 0.0000000000
48556  -45.114  -27.538  60.384 0.0000000000
48557  -45.513  -27.148  60.093 0.0000000000
48558  -45.604  -27.585  59.519 0.0000000000
48559  -45.858  -26.860  59.803 0.0000000000
48560  -48.010  -24.383  58.066 0.0000000000
48561  -47.796  -25.184  57.825 0.0000000000
48562  -48.064  -24.998  57.464 0.0000000000
48563  -48.068  -25.488  56.893 0.0000000000
53965  -46.638  -29.110  54.752 0.0000000000
53966  -46.257  -29.738  54.436 0.0000000000
53967  -46.368  -29.509  53.985 0.0000000000
53968  -46.023  -29.814  52.246 0.0000000000
53969  -45.906  -30.085  52.628 0.0000000000
53970  -45.489  -30.300  51.876 0.0000000000
53975  -45.999  -29.302  50.701 0.0000000000
58145  -40.733  -28.462  63.171 0.0000000000
58147  -41.134  -28.571  63.413 0.0000000000
58148  -41.520  -28.721  63.418 0.0000000000
58149  -41.568  -28.256  63.173 0.0000000000
58150  -43.872  -24.155  59.936 0.0000000000
58151  -43.859  -24.401  60.506 0.0000000000
58152  -44.254  -24.011  60.305 0.0000000000
58154  -45.145  -23.989  60.730 0.0000000000
58155  -45.589  -24.185  60.695 0.0000000000
58156  -45.593  -24.757  60.851 0.0000000000
58157  -45.992  -24.431  60.540 0.0000000000
58158  -46.325  -24.728  60.272 0.0000000000
58163  -47.629  -23.491  58.982 0.0000000000
63970  -44.603  -31.054  57.310 0.0000000000
65342  -39.690  -28.752  58.803 0.0000000000
65343  -40.087  -28.344  59.497 0.0000000000
65344  -40.066  -28.301  58.759 0.0000000000
65345  -40.933  -27.450  57.809 0.0000000000
65346  -40.858  -27.432  58.609 0.0000000000
65347  -41.287  -27.045  58.506 0.0000000000
65348  -41.583  -26.626  59.155 0.0000000000
65349  -41.685  -26.612  58.456 0.0000000000
65353  -42.708  -25.720  56.726 0.0000000000
65354  -42.250  -26.191  56.785 0.0000000000
65355  -42.593  -25.749  57.469 0.0000000000
65356  -42.501  -25.706  58.321 0.0000000000
65357  -42.871  -25.285  58.151 0.0000000000
65358  -43.191  -24.842  58.827 0.0000000000
65359  -43.266  -24.819  58.120 0.0000000000
76165  -48.058  -26.680  54.825 0.0000000000
76166  -48.286  -26.344  54.566 0.0000000000
76167  -48.396  -25.856  55.192 0.0000000000
76520  -42.974  -30.515  61.041 0.0000000000
76522  -43.006  -30.879  60.411 0.0000000000
76523  -43.026  -31.231  59.770 0.0000000000
76524  -43.314  -30.648  60.027 0.0000000000
76525  -40.796  -27.592  60.764 0.0000000000
76526  -40.753  -27.755  61.324 0.0000000000
76527  -41.146  -27.308  61.307 0.0000000000
76528  -42.329  -26.664  62.101 0.0000000000
76529  -41.930  -27.020  62.185 0.0000000000
76530  -42.315  -27.012  62.444 0.0000000000
76531  -42.315  -27.531  62.722 0.0000000000
76532  -42.747  -27.136  62.571 0.0000000000
76533  -43.887  -25.107  61.338 0.0000000000
76534  -43.478  -25.495  61.587 0.0000000000
76535  -43.909  -25.616  61.672 0.0000000000
76536  -44.268  -27.035  61.661 0.0000000000
76537  -43.949  -26.735  61.968 0.0000000000
76538  -43.844  -27.333  61.938 0.0000000000
76539  -43.468  -27.642  62.200 0.0000000000
76540  -43.751  -27.909  61.851 0.0000000000
76541  -43.585  -28.599  61.577 0.0000000000
76542  -43.953  -28.319  61.307 0.0000000000
76543  -44.609  -28.846  59.897 0.0000000000
76544  -44.281  -29.074  60.151 0.0000000000
76545  -44.311  -29.529  59.613 0.0000000000
76546  -44.054  -30.135  59.368 0.0000000000
76547  -44.380  -29.920  59.044 0.0000000000
76548  -44.471  -30.273  58.474 0.0000000000
76549  -44.748  -29.653  58.706 0.0000000000
76550  -45.733  -28.447  58.342 0.0000000000
76551  -45.412  -29.166  58.032 0.0000000000
76552  -45.730  -28.839  57.803 0.0000000000
76553  -45.729  -29.241  57.246 0.0000000000
76554  -46.014  -28.572  57.463 0.0000000000
76555  -46.774  -25.540  59.368 0.0000000000
76556  -46.532  -26.271  59.196 0.0000000000
76557  -46.888  -25.972  58.847 0.0000000000
76558  -47.249  -26.608  57.435 0.0000000000
76559  -46.934  -26.877  57.697 0.0000000000
76560  -46.903  -27.327  57.101 0.0000000000
76561  -46.598  -28.078  56.807 0.0000000000
76562  -46.859  -27.775  56.515 0.0000000000
76563  -46.805  -28.225  55.944 0.0000000000
76564  -47.149  -27.576  56.191 0.0000000000
76565  -47.980  -26.410  55.772 0.0000000000
76566  -47.618  -27.182  55.481 0.0000000000
76567  -47.860  -26.913  55.181 0.0000000000
76568  -47.683  -27.369  54.574 0.0000000000
92266  -46.434  -28.835  51.062 0.0000000000
92267  -46.481  -28.659  50.633 0.0000000000
92268  -46.729  -28.288  51.226 0.0000000000
92284  -46.905  -28.607  54.013 0.0000000000
92285  -46.538  -29.233  53.675 0.0000000000
92286  -46.635  -28.978  53.267 0.0000000000
92287  -46.360  -29.327  52.539 0.0000000000
92288  -46.062  -29.610  51.842 0.0000000000
92289  -45.775  -29.778  51.277 0.0000000000
92290  -46.210  -29.332  51.599 0.0000000000
92291  -46.342  -29.057  51.355 0.0000000000
94793  -40.363  -28.500  62.855 0.0000000000
94794  -40.773  -28.191  62.642 0.0000000000
94796  -44.627  -23.599  60.206 0.0000000000
98287  -45.181  -30.542  56.695 0.0000000000
99110  -39.611  -28.640  57.234 0.0000000000
99111  -40.043  -28.281  57.940 0.0000000000
99112  -40.069  -28.245  57.209 0.0000000000
99113  -40.551  -27.844  57.120 0.0000000000
99114  -40.987  -27.429  57.086 0.0000000000
105604  -48.231  -25.684  56.005 0.0000000000
105605  -48.442  -25.341  55.806 0.0000000000
105606  -48.492  -24.910  56.346 0.0000000000
105818  -42.857  -30.140  61.628 0.0000000000
105819  -43.205  -29.916  61.220 0.0000000000
105820  -41.528  -26.708  60.610 0.0000000000
105821  -41.478  -26.923  61.162 0.0000000000
105822  -41.901  -26.459  61.173 0.0000000000
105823  -42.266  -26.321  61.618 0.0000000000
105824  -42.675  -26.295  61.960 0.0000000000
105825  -44.771  -25.474  61.336 0.0000000000
105826  -44.358  -25.820  61.628 0.0000000000
105827  -44.766  -26.087  61.404 0.0000000000
105828  -44.663  -26.700  61.417 0.0000000000
105829  -44.522  -27.397  61.239 0.0000000000
105830  -44.362  -28.031  61.013 0.0000000000
105831  -44.745  -27.787  60.721 0.0000000000
105832  -44.877  -28.178  60.162 0.0000000000
105833  -44.963  -28.525  59.617 0.0000000000
105834  -45.027  -28.937  59.051 0.0000000000
105835  -45.341  -28.276  59.280 0.0000000000
105836  -45.675  -28.024  58.934 0.0000000000
105837  -46.006  -27.743  58.665 0.0000000000
105838  -47.408  -24.936  58.720 0.0000000000
105839  -47.171  -25.664  58.576 0.0000000000
105840  -47.502  -25.413  58.198 0.0000000000
105841  -47.530  -25.856  57.655 0.0000000000
105842  -47.516  -26.334  57.069 0.0000000000
105843  -47.460  -26.853  56.449 0.0000000000
105844  -47.782  -26.141  56.678 0.0000000000
105845  -48.033  -25.933  56.341 0.0000000000
115486  -46.208  -29.527  55.511 0.0000000000
115488  -46.074  -29.953  54.816 0.0000000000
115489  -45.901  -30.378  54.094 0.0000000000
115490  -45.676  -30.640  53.396 0.0000000000
115491  -46.173  -29.837  53.301 0.0000000000
115492  -45.798  -30.308  53.050 0.0000000000
115493  -45.277  -30.867  52.637 0.0000000000
121177  -48.171  -23.633  58.240 0.0000000000
121178  -48.398  -23.274  58.039 0.0000000000
121179  -48.143  -22.786  58.450 0.0000000000
121343  -41.866  -28.941  63.326 0.0000000000
121344  -42.318  -28.668  62.999 0.0000000000
121345  -42.997  -25.040  60.192 0.0000000000
121346  -43.021  -25.258  60.799 0.0000000000
121347  -43.440  -24.815  60.686 0.0000000000
121348  -43.852  -24.757  60.932 0.0000000000
121349  -44.313  -24.790  61.101 0.0000000000
121350  -44.683  -23.952  60.580 0.0000000000
121351  -44.725  -24.394  60.916 0.0000000000
121352  -44.784  -24.894  61.185 0.0000000000
121353  -45.215  -25.106  61.098 0.0000000000
121354  -45.583  -25.378  60.863 0.0000000000
121355  -45.894  -25.721  60.477 0.0000000000
121356  -46.076  -26.161  59.988 0.0000000000
121357  -46.209  -25.425  60.181 0.0000000000
121358  -46.596  -25.132  59.838 0.0000000000
121359  -46.912  -24.800  59.560 0.0000000000
121361  -46.980  -24.024  59.706 0.0000000000
121362  -47.226  -24.470  59.239 0.0000000000
121363  -47.561  -24.178  58.893 0.0000000000
121364  -47.856  -23.919  58.550 0.0000000000
129412  -43.963  -31.429  58.020 0.0000000000
131150  -39.708  -28.822  60.359 0.0000000000
131151  -40.110  -28.471  61.091 0.0000000000
131152  -40.099  -28.403  60.222 0.0000000000
131153  -40.450  -27.939  60.164 0.0000000000
131154  -40.791  -27.483  60.002 0.0000000000
131155  -40.420  -27.930  58.574 0.0000000000
131156  -40.782  -27.530  59.253 0.0000000000
131157  -41.137  -27.127  59.922 0.0000000000
131158  -41.531  -26.644  59.931 0.0000000000
131159  -41.892  -26.180  59.836 0.0000000000
131160  -42.269  -25.785  59.760 0.0000000000
131163  -41.393  -27.046  56.964 0.0000000000
131165  -41.856  -26.631  56.837 0.0000000000
131166  -41.757  -26.625  57.693 0.0000000000
131167  -42.076  -26.185  58.357 0.0000000000
131168  -42.353  -25.740  59.018 0.0000000000
131169  -42.661  -25.366  59.630 0.0000000000
131170  -43.124  -24.895  59.569 0.0000000000
131171  -43.523  -24.440  59.450 0.0000000000
131172  -43.883  -24.019  59.339 0.0000000000
144607  -47.563  -27.445  53.545 0.0000000000
144608  -47.744  -27.148  53.276 0.0000000000
144609  -48.075  -26.753  53.964 0.0000000000
145040  -43.094  -31.543  59.231 0.0000000000
145041  -43.486  -31.371  58.833 0.0000000000
145042  -40.422  -28.141  61.606 0.0000000000
145043  -40.784  -27.944  62.070 0.0000000000
145044  -41.180  -27.813  62.540 0.0000000000
145045  -41.533  -27.104  61.847 0.0000000000
145046  -41.550  -27.402  62.331 0.0000000000
145047  -41.563  -27.799  62.802 0.0000000000
145048  -41.952  -27.906  62.868 0.0000000000
145049  -42.369  -28.080  62.898 0.0000000000
145050  -42.724  -28.327  62.779 0.0000000000
145051  -43.049  -25.493  61.385 0.0000000000
145052  -43.085  -25.904  61.770 0.0000000000
145053  -43.127  -26.383  62.090 0.0000000000
145054  -43.940  -26.197  61.872 0.0000000000
145055  -43.572  -26.537  62.090 0.0000000000
145056  -43.095  -26.787  62.333 0.0000000000
145057  -43.135  -27.396  62.409 0.0000000000
145058  -43.074  -27.959  62.434 0.0000000000
145059  -42.998  -28.606  62.441 0.0000000000
145060  -43.276  -28.933  61.971 0.0000000000
145061  -43.423  -29.284  61.389 0.0000000000
145062  -43.529  -29.638  60.842 0.0000000000
145063  -44.143  -28.708  60.744 0.0000000000
145064  -43.872  -29.390  60.495 0.0000000000
145065  -43.619  -30.028  60.252 0.0000000000
145066  -43.667  -30.408  59.669 0.0000000000
145067  -43.750  -30.766  59.092 0.0000000000
145068  -43.851  -31.118  58.522 0.0000000000
145069  -44.197  -30.929  58.211 0.0000000000
145070  -44.552  -30.672  57.917 0.0000000000
145071  -44.850  -30.415  57.545 0.0000000000
145072  -45.078  -29.403  58.421 0.0000000000
145073  -45.161  -29.811  57.817 0.0000000000
145074  -45.199  -30.182  57.249 0.0000000000
145075  -45.443  -29.942  56.953 0.0000000000
145076  -45.725  -29.631  56.673 0.0000000000
145077  -46.002  -29.390  56.334 0.0000000000
145078  -46.200  -26.594  59.454 0.0000000000
145079  -46.283  -27.008  58.905 0.0000000000
145080  -46.327  -27.470  58.288 0.0000000000
145081  -46.943  -26.422  58.280 0.0000000000
145082  -46.616  -27.172  58.002 0.0000000000
145083  -46.337  -27.906  57.698 0.0000000000
145084  -46.333  -28.341  57.119 0.0000000000
145085  -46.286  -28.727  56.569 0.0000000000
145086  -46.285  -29.153  56.071 0.0000000000
145087  -46.471  -28.909  55.708 0.0000000000
145088  -46.738  -28.676  55.351 0.0000000000
145089  -46.935  -28.483  55.024 0.0000000000
145090  -47.399  -27.360  55.848 0.0000000000
145091  -47.288  -27.820  55.271 0.0000000000
145092  -47.126  -28.255  54.666 0.0000000000
145093  -47.265  -27.995  54.312 0.0000000000
145094  -47.449  -27.728  53.970 0.0000000000
