#!ascii label  , from subject fsaverage vox2ras=TkReg coords=white
189
1066  52.900  -17.365  51.699 0.0000000000
4632  51.412  -21.037  48.134 0.0000000000
4633  50.419  -21.371  45.863 0.0000000000
4652  49.045  -19.130  56.895 0.0000000000
4653  50.623  -18.949  54.955 0.0000000000
6525  53.301  -18.389  50.082 0.0000000000
6526  52.126  -20.151  50.498 0.0000000000
8883  49.398  -21.601  43.411 0.0000000000
8906  51.341  -16.851  53.416 0.0000000000
8907  51.833  -19.413  52.717 0.0000000000
12312  50.505  -21.683  48.102 0.0000000000
12331  48.102  -19.296  57.592 0.0000000000
12333  49.478  -20.328  56.428 0.0000000000
14712  53.116  -16.572  51.084 0.0000000000
14713  53.543  -17.025  50.431 0.0000000000
14714  53.241  -17.843  50.956 0.0000000000
14715  52.814  -19.312  50.371 0.0000000000
14716  52.813  -18.810  51.311 0.0000000000
19656  49.873  -21.481  44.637 0.0000000000
19713  50.415  -16.160  52.995 0.0000000000
19714  50.284  -16.811  54.215 0.0000000000
19715  50.624  -20.267  54.140 0.0000000000
19716  51.313  -19.142  53.801 0.0000000000
19717  50.996  -20.417  52.898 0.0000000000
19718  51.178  -20.723  51.720 0.0000000000
23806  52.462  -16.283  51.684 0.0000000000
26768  52.174  -20.235  48.143 0.0000000000
26769  51.694  -20.482  46.967 0.0000000000
26770  50.917  -21.240  46.991 0.0000000000
26803  48.243  -18.091  56.707 0.0000000000
26804  49.171  -17.800  56.118 0.0000000000
26805  50.134  -17.762  55.200 0.0000000000
26806  49.896  -18.965  55.956 0.0000000000
26807  50.127  -20.267  55.336 0.0000000000
30583  53.079  -18.912  49.109 0.0000000000
30584  52.544  -19.825  49.281 0.0000000000
30585  51.860  -20.699  49.340 0.0000000000
30586  50.970  -21.334  49.336 0.0000000000
36963  51.484  -16.084  52.368 0.0000000000
36964  52.185  -17.016  52.589 0.0000000000
36965  51.051  -17.887  54.264 0.0000000000
36966  51.856  -18.051  53.268 0.0000000000
36967  52.465  -18.400  52.363 0.0000000000
36968  52.117  -19.773  51.597 0.0000000000
36969  51.173  -21.023  50.606 0.0000000000
43032  50.056  -21.948  48.057 0.0000000000
43033  49.828  -22.094  47.496 0.0000000000
45432  53.035  -16.975  51.393 0.0000000000
45433  53.268  -17.199  51.065 0.0000000000
45434  53.101  -17.607  51.342 0.0000000000
45435  53.023  -18.271  51.175 0.0000000000
45436  52.898  -18.014  51.586 0.0000000000
50435  50.402  -20.904  53.602 0.0000000000
50436  50.862  -20.323  53.525 0.0000000000
50437  50.522  -20.944  52.972 0.0000000000
50438  50.605  -21.029  52.345 0.0000000000
55035  52.449  -15.993  51.263 0.0000000000
55036  52.012  -15.898  51.466 0.0000000000
59972  51.819  -20.630  48.115 0.0000000000
59973  51.606  -20.750  47.578 0.0000000000
59974  51.178  -21.113  47.579 0.0000000000
60028  48.563  -19.186  57.273 0.0000000000
60029  48.229  -18.690  57.170 0.0000000000
60030  48.699  -18.540  56.880 0.0000000000
60031  48.726  -17.931  56.417 0.0000000000
60032  49.205  -18.489  56.510 0.0000000000
60033  49.605  -18.392  56.085 0.0000000000
60034  49.490  -19.032  56.441 0.0000000000
60036  49.809  -20.268  55.900 0.0000000000
67175  53.494  -17.703  50.294 0.0000000000
67179  53.202  -18.650  49.614 0.0000000000
67180  52.832  -19.367  49.245 0.0000000000
67181  52.976  -19.133  49.767 0.0000000000
67182  52.476  -19.808  50.385 0.0000000000
67183  52.373  -20.059  49.855 0.0000000000
67184  52.021  -20.436  49.931 0.0000000000
67185  51.435  -21.048  49.348 0.0000000000
67186  51.604  -20.810  49.945 0.0000000000
82000  51.072  -20.971  46.427 0.0000000000
82001  51.421  -20.572  46.389 0.0000000000
82002  50.789  -21.036  45.851 0.0000000000
82003  49.636  -21.524  44.035 0.0000000000
82004  50.250  -21.168  44.650 0.0000000000
82005  50.013  -21.229  44.028 0.0000000000
82007  49.812  -21.317  43.406 0.0000000000
82009  49.187  -21.636  42.779 0.0000000000
82175  50.905  -16.418  53.281 0.0000000000
82176  50.965  -16.123  52.703 0.0000000000
82177  51.403  -16.437  52.950 0.0000000000
82178  51.867  -16.457  52.556 0.0000000000
82179  51.788  -16.896  53.040 0.0000000000
82180  50.424  -18.336  55.143 0.0000000000
82181  50.614  -17.806  54.733 0.0000000000
82182  50.868  -18.408  54.645 0.0000000000
82183  51.609  -19.259  53.236 0.0000000000
82184  51.591  -18.574  53.600 0.0000000000
82185  51.919  -18.740  53.069 0.0000000000
82186  52.198  -18.198  52.819 0.0000000000
82187  52.172  -18.942  52.573 0.0000000000
82188  52.351  -19.099  52.023 0.0000000000
82189  51.992  -19.600  52.170 0.0000000000
82190  50.633  -21.307  51.156 0.0000000000
82191  51.158  -20.912  51.150 0.0000000000
82192  50.584  -21.459  50.566 0.0000000000
82193  50.561  -21.569  49.982 0.0000000000
95888  50.963  -21.390  48.129 0.0000000000
95889  50.710  -21.498  47.547 0.0000000000
95890  50.239  -21.846  47.487 0.0000000000
95925  49.292  -19.668  56.740 0.0000000000
100208  53.142  -16.210  50.737 0.0000000000
100209  53.452  -16.401  50.476 0.0000000000
100210  53.381  -16.788  50.801 0.0000000000
100211  53.414  -17.447  50.697 0.0000000000
100212  53.309  -18.107  50.537 0.0000000000
100213  53.071  -18.864  50.256 0.0000000000
100214  53.108  -18.556  50.735 0.0000000000
100215  52.855  -19.064  50.834 0.0000000000
100216  52.530  -19.499  50.927 0.0000000000
109105  49.746  -21.750  45.234 0.0000000000
109106  50.126  -21.440  45.247 0.0000000000
109107  49.481  -21.781  44.615 0.0000000000
109108  49.239  -21.809  43.999 0.0000000000
109109  49.033  -21.833  43.425 0.0000000000
109110  48.772  -21.875  42.767 0.0000000000
109211  50.341  -16.409  53.631 0.0000000000
109212  50.810  -16.801  53.822 0.0000000000
109213  50.706  -19.606  54.582 0.0000000000
109214  50.980  -19.040  54.379 0.0000000000
109215  50.995  -19.678  53.998 0.0000000000
109216  51.253  -19.746  53.411 0.0000000000
109217  51.452  -19.919  52.812 0.0000000000
109218  51.586  -20.074  52.255 0.0000000000
109219  51.124  -20.577  52.300 0.0000000000
109220  50.698  -21.172  51.793 0.0000000000
116984  52.810  -16.072  51.009 0.0000000000
116985  52.819  -16.434  51.391 0.0000000000
116986  52.724  -16.743  51.733 0.0000000000
123896  52.475  -19.770  48.110 0.0000000000
123897  52.257  -19.895  47.532 0.0000000000
123898  51.964  -20.364  47.580 0.0000000000
123899  51.333  -20.897  46.983 0.0000000000
123900  50.672  -21.323  46.422 0.0000000000
123901  50.475  -21.587  46.984 0.0000000000
123902  50.251  -21.658  46.416 0.0000000000
123903  50.015  -21.718  45.826 0.0000000000
123975  47.732  -18.876  57.398 0.0000000000
123976  47.776  -18.334  56.905 0.0000000000
123982  49.685  -17.788  55.630 0.0000000000
123983  50.019  -18.341  55.613 0.0000000000
123984  50.281  -18.930  55.441 0.0000000000
123985  49.697  -19.613  56.247 0.0000000000
123986  50.072  -19.572  55.754 0.0000000000
123987  50.432  -19.576  55.141 0.0000000000
123988  50.398  -20.245  54.739 0.0000000000
133477  52.955  -19.129  48.597 0.0000000000
133478  52.656  -19.626  48.660 0.0000000000
133479  52.352  -20.065  48.683 0.0000000000
133480  52.015  -20.491  48.681 0.0000000000
133481  52.706  -19.568  49.842 0.0000000000
133482  52.222  -20.279  49.298 0.0000000000
133483  51.639  -20.904  48.713 0.0000000000
133484  51.216  -21.228  48.750 0.0000000000
133485  50.739  -21.524  48.694 0.0000000000
133486  50.271  -21.786  48.668 0.0000000000
151643  52.007  -20.033  46.962 0.0000000000
151646  50.498  -21.140  45.259 0.0000000000
151853  50.471  -15.978  52.399 0.0000000000
151854  50.982  -15.889  52.090 0.0000000000
151855  51.529  -15.867  51.771 0.0000000000
151856  51.999  -16.139  52.006 0.0000000000
151857  52.329  -16.560  52.130 0.0000000000
151858  52.574  -17.148  52.138 0.0000000000
151859  50.230  -17.265  54.710 0.0000000000
151860  50.712  -17.297  54.301 0.0000000000
151861  51.218  -17.341  53.821 0.0000000000
151862  51.229  -18.487  54.122 0.0000000000
151863  51.474  -17.945  53.743 0.0000000000
151864  51.699  -17.414  53.375 0.0000000000
151865  52.068  -17.527  52.958 0.0000000000
151866  52.397  -17.690  52.533 0.0000000000
151867  52.690  -17.857  52.063 0.0000000000
151868  52.663  -18.602  51.831 0.0000000000
151869  52.469  -19.264  51.472 0.0000000000
151870  52.129  -19.924  51.048 0.0000000000
151871  51.680  -20.245  51.697 0.0000000000
151872  51.707  -20.419  51.139 0.0000000000
151873  51.666  -20.598  50.541 0.0000000000
151874  51.111  -21.146  50.009 0.0000000000
151875  50.411  -21.678  49.341 0.0000000000
