#!ascii label  , from subject fsaverage vox2ras=TkReg coords=white
156
238  41.470  -26.417  59.316 0.0000000000
1070  44.207  -28.986  61.308 0.0000000000
4647  41.985  -25.229  56.450 0.0000000000
4649  45.432  -21.129  58.294 0.0000000000
6532  42.922  -26.751  62.056 0.0000000000
6533  43.228  -24.639  59.940 0.0000000000
6534  44.812  -25.954  61.109 0.0000000000
7524  41.044  -27.620  62.020 0.0000000000
7525  42.515  -29.476  62.796 0.0000000000
7526  42.791  -31.822  60.530 0.0000000000
8900  43.798  -23.109  57.593 0.0000000000
12327  41.798  -25.894  57.892 0.0000000000
14725  43.699  -27.735  62.061 0.0000000000
14726  43.897  -26.291  61.710 0.0000000000
14727  44.611  -27.474  61.300 0.0000000000
16531  40.169  -28.243  61.624 0.0000000000
16532  40.918  -28.611  62.956 0.0000000000
16533  41.880  -28.298  62.913 0.0000000000
16534  41.631  -29.651  63.328 0.0000000000
16536  42.068  -32.041  61.608 0.0000000000
19698  44.112  -23.781  60.183 0.0000000000
19699  43.489  -23.834  58.731 0.0000000000
19700  44.321  -22.876  59.159 0.0000000000
23812  44.346  -30.197  60.050 0.0000000000
26797  45.207  -22.091  59.335 0.0000000000
26798  46.089  -21.505  59.098 0.0000000000
30598  42.148  -26.218  61.064 0.0000000000
30599  42.351  -25.529  59.702 0.0000000000
30600  43.092  -25.590  61.122 0.0000000000
30601  43.995  -24.978  61.038 0.0000000000
30602  44.910  -24.447  60.718 0.0000000000
33036  41.152  -26.903  60.731 0.0000000000
33037  41.986  -27.104  62.115 0.0000000000
33038  42.787  -27.954  62.649 0.0000000000
33039  43.379  -29.251  62.104 0.0000000000
33040  41.994  -30.917  62.754 0.0000000000
33041  42.868  -30.716  61.869 0.0000000000
33042  43.668  -30.527  60.948 0.0000000000
33043  43.368  -31.525  59.538 0.0000000000
36944  42.689  -24.892  58.327 0.0000000000
36945  42.925  -24.191  57.038 0.0000000000
36947  44.623  -22.039  58.116 0.0000000000
43045  41.170  -26.612  58.356 0.0000000000
43046  41.351  -26.358  57.598 0.0000000000
43047  41.654  -26.170  58.588 0.0000000000
45445  44.011  -28.381  61.781 0.0000000000
45446  44.133  -27.606  61.722 0.0000000000
45447  44.426  -28.258  61.320 0.0000000000
47253  41.289  -29.084  63.275 0.0000000000
50418  44.595  -23.424  60.213 0.0000000000
50419  44.240  -23.277  59.698 0.0000000000
50420  44.671  -22.907  59.755 0.0000000000
67210  42.507  -26.388  61.664 0.0000000000
67211  42.635  -25.923  61.140 0.0000000000
67212  43.031  -26.121  61.612 0.0000000000
67213  44.341  -26.101  61.433 0.0000000000
67214  43.946  -25.610  61.454 0.0000000000
67215  44.425  -25.409  61.167 0.0000000000
67216  44.476  -24.737  60.889 0.0000000000
67217  44.910  -25.218  60.912 0.0000000000
72628  40.606  -27.952  61.822 0.0000000000
72629  40.271  -27.975  60.933 0.0000000000
72630  40.685  -27.596  61.161 0.0000000000
72631  40.743  -27.306  60.530 0.0000000000
72632  41.071  -27.178  61.408 0.0000000000
72633  41.529  -26.930  61.516 0.0000000000
72634  41.485  -27.340  62.099 0.0000000000
72635  42.218  -28.851  62.977 0.0000000000
72636  42.324  -28.136  62.792 0.0000000000
72637  42.676  -28.730  62.741 0.0000000000
72638  43.125  -28.611  62.455 0.0000000000
72639  42.979  -29.381  62.481 0.0000000000
72643  42.479  -31.973  61.049 0.0000000000
72644  42.489  -31.442  61.736 0.0000000000
72645  42.902  -31.314  61.224 0.0000000000
72646  43.273  -30.641  61.387 0.0000000000
72647  43.246  -31.229  60.718 0.0000000000
72648  43.568  -31.097  60.273 0.0000000000
72649  43.092  -31.702  60.036 0.0000000000
82128  42.808  -25.082  59.830 0.0000000000
82129  42.533  -25.218  59.038 0.0000000000
82130  42.946  -24.699  59.194 0.0000000000
82131  43.660  -23.441  58.157 0.0000000000
82132  43.227  -24.009  57.896 0.0000000000
82133  43.372  -23.625  57.323 0.0000000000
82136  45.338  -21.584  58.877 0.0000000000
82137  44.902  -22.007  58.812 0.0000000000
82138  45.048  -21.553  58.257 0.0000000000
95914  41.391  -26.059  56.820 0.0000000000
95915  41.910  -25.584  57.131 0.0000000000
100231  43.336  -27.196  62.153 0.0000000000
100232  43.432  -26.516  61.897 0.0000000000
100233  43.823  -27.032  61.915 0.0000000000
100234  44.271  -26.865  61.622 0.0000000000
100235  44.737  -26.697  61.254 0.0000000000
103483  40.539  -28.327  62.404 0.0000000000
103484  40.989  -28.113  62.500 0.0000000000
103485  41.477  -27.852  62.640 0.0000000000
103486  41.395  -28.462  62.967 0.0000000000
103487  41.768  -29.015  63.145 0.0000000000
103488  42.083  -29.600  63.045 0.0000000000
109182  43.651  -24.217  60.069 0.0000000000
109183  43.371  -24.186  59.395 0.0000000000
109184  43.774  -23.692  59.557 0.0000000000
109185  43.911  -23.342  58.933 0.0000000000
109186  44.051  -22.937  58.429 0.0000000000
116998  44.328  -29.611  60.718 0.0000000000
116999  44.623  -28.868  60.803 0.0000000000
117000  44.721  -29.511  60.206 0.0000000000
123961  45.109  -22.575  59.713 0.0000000000
123963  45.648  -21.774  59.271 0.0000000000
123964  45.768  -21.215  58.803 0.0000000000
123966  46.204  -20.920  58.674 0.0000000000
123967  45.861  -20.725  58.255 0.0000000000
133516  41.799  -26.264  60.262 0.0000000000
133517  41.934  -25.976  59.534 0.0000000000
133518  42.258  -25.848  60.419 0.0000000000
133519  42.715  -25.475  60.514 0.0000000000
133520  43.143  -25.097  60.558 0.0000000000
133521  43.499  -25.849  61.505 0.0000000000
133522  43.522  -25.269  61.092 0.0000000000
133523  43.579  -24.717  60.607 0.0000000000
133524  44.048  -24.355  60.604 0.0000000000
133525  44.484  -24.025  60.556 0.0000000000
133526  44.970  -23.716  60.470 0.0000000000
140265  41.048  -26.846  59.168 0.0000000000
140291  40.874  -27.074  59.807 0.0000000000
140292  41.354  -26.654  60.110 0.0000000000
140293  41.673  -26.541  60.946 0.0000000000
140294  42.025  -26.636  61.613 0.0000000000
140295  42.473  -26.868  62.129 0.0000000000
140296  41.898  -27.650  62.591 0.0000000000
140297  42.396  -27.437  62.504 0.0000000000
140298  42.857  -27.295  62.368 0.0000000000
140299  43.244  -27.817  62.380 0.0000000000
140300  43.569  -28.481  62.131 0.0000000000
140301  43.795  -29.110  61.728 0.0000000000
140303  41.857  -30.312  63.140 0.0000000000
140304  42.311  -30.247  62.747 0.0000000000
140305  42.073  -31.515  62.232 0.0000000000
140306  42.448  -30.849  62.304 0.0000000000
140307  42.737  -30.127  62.427 0.0000000000
140308  43.180  -30.021  61.998 0.0000000000
140309  43.573  -29.916  61.575 0.0000000000
140310  43.971  -29.758  61.162 0.0000000000
140311  44.032  -30.389  60.474 0.0000000000
140312  43.914  -30.934  59.751 0.0000000000
151796  42.113  -25.699  58.863 0.0000000000
151797  42.270  -25.414  58.125 0.0000000000
151798  42.400  -25.084  57.440 0.0000000000
151799  43.087  -24.366  58.554 0.0000000000
151800  42.795  -24.605  57.669 0.0000000000
151801  42.487  -24.751  56.717 0.0000000000
151805  44.762  -22.463  59.253 0.0000000000
151806  44.473  -22.458  58.614 0.0000000000
151807  44.196  -22.542  57.889 0.0000000000
